3.56],
       [16.77, 67.66,  3.55],
       [16.77, 67.65,  3.56],
       [16.77, 67.64,  3.57],
       [16.75, 67.68,  3.57],
       [16.75, 67.69,  3.58],
       [16.75, 67.68,  3.57],
       [16.76, 67.68,  3.59],
       [16.76, 67.67,  3.59],
       [16.76, 67.67,  3.58],
       [16.76, 67.67,  3.57],
       [16.76, 67.67,  3.58],
       [16.76, 67.68,  3.59],
       [16.76, 67.66,  3.56],
       [16.76, 67.67,  3.57],
       [16.76, 67.67,  3.57],
       [16.76, 67.67,  3.58],
       [16.75, 67.69,  3.58],
       [16.75, 67.68,  3.57],
       [16.75, 67.68,  3.57],
       [16.75, 67.68,  3.58],
       [16.75, 67.69,  3.57],
       [16.75, 67.69,  3.58],
       [16.75, 67.68,  3.58]]), array([[10.94, 65.97,  2.85],
       [10.93, 65.97,  2.84],
       [10.93, 65.97,  2.85],
       [10.93, 65.96,  2.83],
       [10.93, 65.97,  2.87],
       [10.93, 65.97,  2.85],
       [10.93, 65.97,  2.88],
       [10.93, 65.97,  2.87],
       [10.93, 65.97,  2.85],
       [10.93, 65.96,  2.83],
       [10.93, 65.96,  2.84],
       [10.93, 65.97,  2.85],
       [10.93, 65.97,  2.84],
       [10.93, 65.96,  2.84],
       [10.93, 65.96,  2.83],
       [10.93, 65.96,  2.83],
       [10.93, 65.94,  2.82],
       [10.93, 65.95,  2.82],
       [10.93, 65.96,  2.83],
       [10.92, 65.97,  2.84],
       [10.92, 65.96,  2.83],
       [10.93, 65.97,  2.87],
       [10.93, 65.97,  2.85],
       [10.92, 65.93,  2.82],
       [10.92, 65.94,  2.82],
       [10.92, 65.97,  2.85],
       [10.92, 65.95,  2.82],
       [10.92, 65.95,  2.83],
       [10.92, 65.94,  2.82],
       [10.91, 65.94,  2.82],
       [10.92, 65.88,  2.85],
       [10.92, 65.88,  2.87],
       [10.91, 65.88,  2.88],
       [10.97, 65.97,  2.85],
       [10.97, 65.97,  2.85],
       [10.96, 65.97,  2.85],
       [10.96, 65.97,  2.84],
       [10.96, 65.97,  2.85],
       [10.95, 65.97,  2.85],
       [10.95, 65.96,  2.82],
       [10.95, 65.95,  2.9 ],
       [10.95, 65.94,  2.9 ],
       [10.95, 65.93,  2.9 ],
       [10.95, 65.95,  2.82],
       [10.95, 65.94,  2.81],
       [10.95, 65.96,  2.82],
       [10.95, 65.97,  2.85],
       [10.95, 65.94,  2.81],
       [10.94, 65.95,  2.82],
       [10.95, 65.94,  2.81],
       [10.94, 65.97,  2.86],
       [10.94, 65.96,  2.83],
       [10.95, 65.96,  2.89],
       [10.95, 65.95,  2.9 ],
       [10.94, 65.95,  2.82],
       [10.94, 65.95,  2.82],
       [10.94, 65.96,  2.83],
       [10.94, 65.96,  2.83],
       [10.94, 65.96,  2.83],
       [10.94, 65.95,  2.82],
       [10.94, 65.95,  2.82],
       [10.94, 65.96,  2.83],
       [10.94, 65.96,  2.83],
       [10.94, 65.96,  2.89],
       [10.94, 65.97,  2.84],
       [10.94, 65.97,  2.84],
       [10.94, 65.97,  2.86],
       [10.94, 65.97,  2.86],
       [10.94, 65.94,  2.81],
       [10.94, 65.94,  2.82],
       [10.94, 65.95,  2.82],
       [10.94, 65.91,  2.81],
       [10.94, 65.88,  2.85],
       [10.94, 65.88,  2.88],
       [10.93, 65.89,  2.83],
       [10.93, 65.96,  2.83],
       [10.94, 65.96,  2.83],
       [10.94, 65.95,  2.82],
       [10.94, 65.95,  2.82],
       [10.93, 65.97,  2.86],
       [10.93, 65.97,  2.88],
       [10.93, 65.97,  2.85],
       [10.94, 65.95,  2.82],
       [10.94, 65.94,  2.82],
       [10.94, 65.94,  2.82],
       [10.93, 65.94,  2.82],
       [10.94, 65.93,  2.81],
       [10.93, 65.97,  2.87],
       [10.93, 65.97,  2.86],
       [10.93, 65.97,  2.88],
       [10.93, 65.97,  2.88],
       [10.93, 65.95,  2.82],
       [10.93, 65.95,  2.82],
       [10.93, 65.94,  2.82],
       [10.93, 65.94,  2.82],
       [10.93, 65.94,  2.82],
       [10.93, 65.95,  2.82],
       [10.93, 65.93,  2.82],
       [10.93, 65.93,  2.82],
       [10.93, 65.94,  2.82],
       [10.93, 65.89,  2.83],
       [10.93, 65.88,  2.87],
       [10.93, 65.89,  2.84],
       [10.93, 65.88,  2.87],
       [10.93, 65.94,  2.82],
       [10.93, 65.94,  2.82],
       [10.93, 65.93,  2.82],
       [10.93, 65.93,  2.82],
       [10.93, 65.95,  2.82],
       [10.93, 65.94,  2.82],
       [10.93, 65.96,  2.83],
       [10.93, 65.96,  2.83],
       [10.93, 65.96,  2.83],
       [10.93, 65.97,  2.87],
       [10.92, 65.88,  2.87],
       [10.93, 65.88,  2.88],
       [10.93, 65.89,  2.83],
       [10.92, 65.89,  2.84],
       [10.93, 65.89,  2.84],
       [10.92, 65.88,  2.85],
       [10.92, 65.88,  2.87],
       [10.92, 65.9 ,  2.83],
       [10.92, 65.9 ,  2.82],
       [10.93, 65.9 ,  2.82],
       [10.92, 65.9 ,  2.82],
       [10.92, 65.88,  2.88],
       [10.92, 65.93,  2.82],
       [10.92, 65.94,  2.82],
       [10.92, 65.94,  2.82],
       [10.92, 65.94,  2.82],
       [10.92, 65.94,  2.82],
       [10.92, 65.91,  2.82],
       [10.93, 65.96,  2.84],
       [10.93, 65.97,  2.86],
       [10.93, 65.97,  2.85],
       [10.93, 65.97,  2.86],
       [10.93, 65.96,  2.83],
       [10.93, 65.96,  2.83],
       [10.93, 65.89,  2.83],
       [10.93, 65.95,  2.82],
       [10.93, 65.97,  2.85],
       [10.93, 65.97,  2.85],
       [10.92, 65.97,  2.84],
       [10.93, 65.96,  2.84],
       [10.93, 65.96,  2.84],
       [10.92, 65.97,  2.88],
       [10.93, 65.97,  2.88],
       [10.93, 65.97,  2.86],
       [10.93, 65.97,  2.86],
       [10.92, 65.97,  2.85],
       [10.92, 65.88,  2.88],
       [10.92, 65.88,  2.87],
       [10.92, 65.89,  2.84],
       [10.92, 65.94,  2.82],
       [10.92, 65.97,  2.85],
       [10.92, 65.97,  2.86],
       [10.92, 65.97,  2.86],
       [10.92, 65.97,  2.87],
       [10.92, 65.97,  2.87],
       [10.92, 65.96,  2.83],
       [10.92, 65.96,  2.84],
       [10.92, 65.96,  2.83],
       [10.92, 65.96,  2.83],
       [10.92, 65.96,  2.84],
       [10.92, 65.96,  2.84],
       [10.92, 65.97,  2.85],
       [10.92, 65.97,  2.84],
       [10.91, 65.94,  2.82],
       [10.91, 65.95,  2.83],
       [10.92, 65.95,  2.83],
       [10.91, 65.93,  2.82],
       [10.92, 65.91,  2.82],
       [10.91, 65.97,  2.87],
       [10.91, 65.95,  2.83],
       [10.92, 65.95,  2.82],
       [10.91, 65.88,  2.87],
       [10.91, 65.88,  2.87],
       [10.91, 65.88,  2.87],
       [10.91, 65.88,  2.88],
       [10.91, 65.88,  2.87],
       [10.91, 65.97,  2.88],
       [10.91, 65.97,  2.87],
       [10.91, 65.97,  2.87],
       [10.91, 65.94,  2.82],
       [10.91, 65.95,  2.83],
       [10.91, 65.9 ,  2.83],
       [10.9 , 65.92,  2.82],
       [10.9 , 65.94,  2.83]]), array([[ 3.62, 87.15,  2.  ],
       [ 3.6 , 87.17,  1.99],
       [ 3.69, 87.19,  2.  ],
       [ 3.71, 87.19,  2.  ],
       [ 3.7 , 87.12,  2.07],
       [ 3.71, 87.11,  2.06],
       [ 3.7 , 87.19,  2.  ],
       [ 3.71, 87.19,  2.  ],
       [ 3.72, 87.19,  2.01],
       [ 3.72, 87.19,  2.01],
       [ 3.72, 87.2 ,  2.05],
       [ 3.7 , 87.2 ,  2.01],
       [ 3.7 , 87.2 ,  2.01],
       [ 3.7 , 87.19,  2.  ],
       [ 3.69, 87.2 ,  2.01],
       [ 3.72, 87.19,  2.01],
       [ 3.7 , 87.19,  2.  ],
       [ 3.71, 87.19,  2.  ],
       [ 3.72, 87.19,  2.01],
       [ 3.71, 87.2 ,  2.01],
       [ 3.71, 87.2 ,  2.01],
       [ 3.71, 87.2 ,  2.01],
       [ 3.71, 87.2 ,  2.01],
       [ 3.7 , 87.2 ,  2.01],
       [ 3.7 , 87.2 ,  2.01],
       [ 3.71, 87.2 ,  2.01],
       [ 3.72, 87.2 ,  2.01],
       [ 3.71, 87.2 ,  2.01],
       [ 3.71, 87.2 ,  2.01],
       [ 3.71, 87.2 ,  2.01],
       [ 3.72, 87.2 ,  2.02],
       [ 3.69, 87.21,  2.02],
       [ 3.7 , 87.21,  2.02],
       [ 3.69, 87.21,  2.02],
       [ 3.7 , 87.21,  2.02],
       [ 3.72, 87.2 ,  2.03],
       [ 3.72, 87.2 ,  2.02],
       [ 3.71, 87.2 ,  2.02],
       [ 3.71, 87.2 ,  2.02],
       [ 3.72, 87.2 ,  2.02],
       [ 3.72, 87.2 ,  2.03],
       [ 3.7 , 87.21,  2.03],
       [ 3.7 , 87.21,  2.02],
       [ 3.7 , 87.21,  2.02],
       [ 3.7 , 87.21,  2.02],
       [ 3.7 , 87.21,  2.02],
       [ 3.7 , 87.21,  2.02],
       [ 3.69, 87.21,  2.02],
       [ 3.7 , 87.21,  2.03],
       [ 3.7 , 87.21,  2.03],
       [ 3.7 , 87.21,  2.03],
       [ 3.7 , 87.21,  2.03],
       [ 3.69, 87.21,  2.03],
       [ 3.69, 87.21,  2.03],
       [ 3.69, 87.21,  2.03],
       [ 3.71, 87.2 ,  2.02],
       [ 3.71, 87.21,  2.03],
       [ 3.71, 87.21,  2.03],
       [ 3.71, 87.21,  2.03],
       [ 3.72, 87.19,  2.01],
       [ 3.72, 87.19,  2.01],
       [ 3.73, 87.19,  2.01],
       [ 3.72, 87.2 ,  2.02],
       [ 3.72, 87.2 ,  2.01],
       [ 3.73, 87.2 ,  2.03],
       [ 3.72, 87.2 ,  2.02],
       [ 3.73, 87.2 ,  2.02],
       [ 3.72, 87.2 ,  2.02],
       [ 3.72, 87.2 ,  2.02],
       [ 3.72, 87.2 ,  2.02],
       [ 3.73, 87.2 ,  2.02],
       [ 3.72, 87.2 ,  2.03],
       [ 3.72, 87.2 ,  2.03],
       [ 3.72, 87.2 ,  2.03],
       [ 3.72, 87.2 ,  2.03],
       [ 3.72, 87.2 ,  2.03],
       [ 3.72, 87.2 ,  2.03],
       [ 3.72, 87.2 ,  2.03],
       [ 3.72, 87.2 ,  2.03],
       [ 3.73, 87.2 ,  2.03],
       [ 3.73, 87.2 ,  2.02],
       [ 3.73, 87.2 ,  2.03],
       [ 3.7 , 87.21,  2.05],
       [ 3.69, 87.21,  2.04],
