 ,  3.86],
       [21.81, 63.66,  3.88],
       [21.81, 63.66,  3.88],
       [21.81, 63.66,  3.88],
       [21.81, 63.66,  3.87],
       [21.81, 63.65,  3.88],
       [21.81, 63.65,  3.88],
       [21.81, 63.6 ,  3.86],
       [21.81, 63.59,  3.88],
       [21.82, 63.58,  3.88],
       [21.82, 63.58,  3.88],
       [21.81, 63.58,  3.89],
       [21.82, 63.66,  3.88],
       [21.82, 63.58,  3.88],
       [21.82, 63.58,  3.88],
       [21.82, 63.57,  3.89],
       [21.82, 63.58,  3.88],
       [21.83, 63.67,  3.87],
       [21.83, 63.67,  3.88],
       [21.83, 63.67,  3.88],
       [21.83, 63.67,  3.88],
       [21.83, 63.67,  3.87],
       [21.83, 63.57,  3.9 ],
       [21.84, 63.68,  3.87],
       [21.84, 63.67,  3.89],
       [21.84, 63.67,  3.88],
       [21.84, 63.67,  3.88],
       [21.83, 63.67,  3.88],
       [21.84, 63.68,  3.87],
       [21.84, 63.68,  3.86],
       [21.84, 63.68,  3.86],
       [21.84, 63.67,  3.88],
       [21.85, 63.68,  3.87],
       [21.85, 63.67,  3.88]]), array([[13.38, 66.42,  4.01],
       [13.37, 66.42,  4.02],
       [13.37, 66.42,  4.01],
       ...,
       [13.35, 66.4 ,  4.18],
       [13.34, 66.4 ,  4.12],
       [13.34, 66.4 ,  4.12]]), array([[20.37, 88.37,  3.5 ],
       [20.37, 88.37,  3.5 ],
       [20.37, 88.4 ,  3.39],
       ...,
       [20.37, 88.38,  3.53],
       [20.37, 88.38,  3.52],
       [20.37, 88.38,  3.54]]), array([[ 6.89, 62.58,  4.9 ],
       [ 6.89, 62.58,  4.93],
       [ 6.89, 62.57,  4.92],
       [ 6.89, 62.58,  4.93],
       [ 6.89, 62.57,  4.93],
       [ 6.89, 62.59,  4.9 ],
       [ 6.89, 62.58,  4.9 ],
       [ 6.89, 62.58,  4.93],
       [ 6.89, 62.58,  4.93],
       [ 6.89, 62.57,  4.91],
       [ 6.89, 62.57,  4.92],
       [ 6.89, 62.58,  4.93],
       [ 6.89, 62.58,  4.93],
       [ 6.89, 62.56,  4.91],
       [ 6.89, 62.56,  4.91],
       [ 6.89, 62.57,  4.93],
       [ 6.89, 62.56,  4.92],
       [ 6.89, 62.56,  4.91],
       [ 6.9 , 62.55,  4.9 ],
       [ 6.89, 62.56,  4.91],
       [ 6.89, 62.56,  4.91],
       [ 6.9 , 62.55,  4.9 ],
       [ 6.89, 62.58,  4.9 ],
       [ 6.89, 62.58,  4.9 ],
       [ 6.89, 62.58,  4.9 ],
       [ 6.89, 62.58,  4.92],
       [ 6.89, 62.58,  4.9 ],
       [ 6.89, 62.58,  4.93],
       [ 6.89, 62.58,  4.93],
       [ 6.89, 62.58,  4.93],
       [ 6.9 , 62.55,  4.9 ],
       [ 6.9 , 62.55,  4.9 ],
       [ 6.9 , 62.57,  4.89],
       [ 6.9 , 62.57,  4.89],
       [ 6.9 , 62.54,  4.9 ],
       [ 6.91, 62.57,  4.89],
       [ 6.91, 62.56,  4.89],
       [ 6.9 , 62.57,  4.89],
       [ 6.91, 62.55,  4.89],
       [ 6.9 , 62.52,  4.91],
       [ 6.9 , 62.52,  4.92],
       [ 6.9 , 62.52,  4.91],
       [ 6.9 , 62.53,  4.91],
       [ 6.9 , 62.53,  4.91],
       [ 6.9 , 62.53,  4.91],
       [ 6.9 , 62.53,  4.91],
       [ 6.9 , 62.53,  4.91],
       [ 6.9 , 62.53,  4.92],
       [ 6.9 , 62.53,  4.91],
